all<-c(164,162,164,165,166,167,167,167,
         167,167,168,168,170,170,171,173,
         174,175,175,178,151,154,155,156,
         157,157,157,159,159,160,161,161,
         163,163,170)